-1708
-1796
-1775
-1760
-1805
-1775
-1704
-1796
-1320
-1527
-1738
-1794
-1797
-1753
-1750
-1732
-1540
-1342
-1750
-1798
-1687
-1589
-1521
-1757
-1790
-1567
-1545
-1493
-1520
-1766
-1369
-1288
-1734
-1517
-1842
-1539
-1538
-1809
-1530
-1573
-1318
-1537
-1572
-1547
-1569
-1524
-1545
-1589
-1722
-1516
-1747
-1555
-1317
-1728
-1745
-1780
-1350
-1161
-1521
-1487
-1364
-1550
-1809
-1736
-1527
-1502
-1575
-1522
-1541
-1689
-1666
-1695
-1505
-1512
-1540
-1799
-1524
-1757
-1497
-1544
-1685
-1370
-1311
-1717
-1515
-1549
-1517
-1471
-1557
-1497
-1471
-1554
-1501
-1702
-1726
-1147
-1732
-1531
-1786
-1681
-1323
-1548
-1366
-1795
-1365
-1851
-1764
-1545
-1502
-1738
-1570
-1721
-1722
-1783
-1522
-1528
-1521
-1787
-1344
-1511
-1181
-1537
-1746
-1778
-1431
-1572
-1752
-1368
-1534
-1561
-1513
-1533
-1719
-1336
-1774
-1525
-1795
-1726
-1787
-1761
-1488
-1679
-1496
-1814
-1511
-1537
-1769
-1526
-1520
-1488
-1377
-1698
-1366
-1531
-1754
-1354
-1689
-1497
-1147
-1766
-1807
-1718
-1529
-1352
-1522
-1576
-1514
-1727
-1541
-1586
-1503
-1548
-1531
-1516
-1521
-1497
-1326
-1793
-1336
-1701
-1521
-1780
-1396
-1520
-1563
-1563
-1539
-1483
-1721
-1541
-1759
-1722
-1549
-1806
-1517
-1517
-1537
-1332
-1524
-1333
-1784
-1731
-1352
-1497
-1540
-1517
-1338
-1576
-1581
-1509
-1772
-1521
-1592
-1403
-1502
-1592
-1163
-1524
-1506
-1518
-1564
-1552
-1510
-1817
-1176
-1751
-1366
-1509
-1725
-1506
-1774
-1799
-1678
-1526
-1520
-1540
-1737
-1531
-1526
-1767
-1574
-1738
-1545
-1520
-1513
-1752
-1579
-1471
-1148
-1681
-1291
-1539
-1697
-1491
-1717
-1282
-1538
-1518
-1700
-1501
-1520
-1551
-1539
-1556
-1517
-1581
-1529
-1557
-1501
-1602
-1572
-1714
-1536
-1537
-1511
-1560
-1520
-1535
-1345
-1493
-1490
-1707
-1485
-1538
-1523
-1498
-1678
-1552
-1140
-1693
-1715
-1525
-1565
-1554
-1520
-1554
-1710
-1755
-1513
-1566
-1392
-1537
-1756
-1335
-1671
-1844
-1354
-1769
-1495
-1513
-1128
-1563
-1460
-1761
-1529
-1709
-1515
-1349
-1711
-1661
-1338
-1573
-1577
-1714
-1753
-1745
-1542
-1565
-1720
-1491
-1619
-1740
-1738
-1803
-1465
-1783
-1736
-1719
-1494
-1725
-1319
-1336
-1748
-1695
-1733
-1509
-1775
-1518
-1513
-1524
-1671
-1536
-1722
-1653
-1748
-1782
-1701
-1729
-1287
-1475
-1529
-1539
-1576
-1565
-1680
-1538
-1713
-1686
-1575
-1584
-1493
-1307
-1371
-1550
-1538
-1527
-1707
-1566
-1761
-1571
-1740
-1571
-1729
-1712
-1363
-1590
-1557
-1793
-1523
-1786
-1760
-1715
-1500
-1392
-1517
-1545
-1746
-1577
-1750
-1764
-1459
-1496
-1539
-1739
-1687
-1716
-1597
-1532
-1517
-1527
-1520
-1792
-1567
-1535
-1499
-1356
-1751
-1660
-1326
-1540
-1733
-1376
-1478
-1553
-1530
-1515
-1553
-1837
-1520
-1579
-1774
-1802
-1539
-1482
-1725
-1547
-1480
-1564
-1543
-1558
-1718
-1342
-1499
-1590
-1722
-1773
-1342
-1783
-1541
-1709
-1551
-1356
-1530
-1597
-1769
-1720
-1513
-1551
-1554
-1544
-1670
-1654
-1551
-1572
