-2869.25
-2898.5
-2855.0
-2844.75
-2886.5
-2724.0
-2847.0
-2864.25
-2876.0
-2689.25
-2704.0
-2885.75
-2882.75
-2678.75
-2872.5
-2873.5
-2913.5
-2824.5
-2841.5
-2830.5
-2702.5
-2843.75
-2680.0
-2887.25
-2524.75
-2861.75
-2931.25
-2869.0
-2911.75
-2875.5
-2672.75
-2715.0
-2868.5
-2870.5
-2853.75
-2834.25
-2867.25
-2826.5
-2861.0
-2895.5
-2877.25
-2875.0
-2855.75
-2895.5
-2890.0
-2674.0
-2825.0
-2873.75
-2833.75
-2818.5
-2733.25
-2820.5
-2838.5
-2913.0
-2901.25
-2853.25
-2654.0
-2888.0
-2851.25
-2881.5
-2887.0
-2871.25
-2717.75
-2855.75
-2856.75
-2654.5
-2874.0
-2846.75
-2865.5
-2884.0
-2670.5
-2894.0
-2862.25
-2834.25
-2912.75
-2922.25
-2730.5
-2678.0
-2942.0
-2875.25
-2846.0
-2816.75
-2887.75
-2885.0
-2886.75
-2886.0
-2531.5
-2844.5
-2700.0
-2870.75
-2655.5
-2671.0
-2856.75
-2905.75
-2857.25
-2851.75
-2932.0
-2861.5
-2670.5
-2881.0
-2905.25
-2873.25
-2740.75
-2849.25
-2742.0
-2905.25
-2828.75
-2888.75
-2912.0
-2892.5
-2582.0
-2664.75
-2891.5
-2687.5
-2866.0
-2837.0
-2715.5
-2865.5
-2874.25
-2704.0
-2683.25
-2667.5
-2935.75
-2884.75
-2892.25
-2887.0
-2861.5
-2870.0
-2693.25
-2835.0
-2714.5
-2904.5
-2857.5
-2852.5
-2869.0
-2843.75
-2741.5
-2786.5
-2886.25
-2857.75
-2845.75
-2843.5
-2823.75
-2650.0
-2883.5
-2848.75
-2851.0
-2687.75
-2866.5
-2879.0
-2874.5
-2713.25
-2875.5
-2849.0
-2886.75
-2889.0
-2874.5
-2822.5
-2853.5
-2892.0
-2851.5
-2877.5
-2867.25
-2836.75
-2834.0
-2902.0
-2885.25
-2929.75
-2844.5
-2929.75
-2847.75
-2894.25
-2872.0
-2833.0
-2848.75
-2899.75
-2841.0
-2871.0
-2908.75
-2917.25
-2883.75
-2848.0
-2875.0
-2698.25
-2869.75
-2878.75
-2880.75
-2852.75
-2726.5
-2879.0
-2665.5
-2890.0
-2857.25
-2878.75
-2924.0
-2519.0
-2764.0
-2879.0
-2856.5
-2867.25
-2846.75
-2855.0
-2916.5
-2831.75
-2840.75
-2895.5
-2849.5
-2902.75
-2664.25
-2864.75
-2894.75
-2854.75
-2890.75
-2833.25
-2857.5
-2859.0
-2882.25
-2861.5
-2847.0
-2599.25
-2848.5
-2675.5
-2873.25
-2862.75
-2925.0
-2891.0
-2848.5
-2660.5
-2718.25
-2845.0
-2851.25
-2871.75
-2846.0
-2864.25
-2850.0
-2835.75
-2882.75
-2652.5
-2703.25
-2602.5
-2866.5
-2629.0
-2911.0
-2712.75
-2908.75
-2705.0
-2879.0
-2892.5
-2868.75
-2655.75
-2877.5
-2846.25
-2743.75
-2815.5
-2686.25
-2876.5
-2856.75
-2844.0
-2856.5
-2859.5
-2883.5
-2935.75
-2896.5
-2854.0
-2863.75
-2848.5
-2885.25
-2878.75
-2880.25
-2727.75
-2889.75
-2665.75
-2846.0
-2886.25
-2922.5
-2857.75
-2847.25
-2867.0
-2871.0
-2844.0
-2697.5
-2879.0
-2844.5
-2923.0
-2686.0
-2860.5
-2742.0
-2842.0
-2854.5
-2861.0
-2874.0
-2662.5
-2851.0
-2847.5
-2863.0
-2880.75
-2780.0
-2654.0
-2840.5
-2653.0
-2897.5
-2909.75
-2868.25
-2880.75
-2913.5
-2924.0
-2839.0
-2869.75
-2880.25
-2874.25
-2666.5
-2846.25
-2866.75
-2852.5
-2635.0
-2864.75
-2871.75
-2834.25
-2861.0
-2870.0
-2872.0
-2864.0
-2847.5
-2746.25
-2943.5
-2867.0
-2812.5
-2654.75
-2865.25
-2844.0
-2890.0
-2885.75
-2851.5
-2905.25
-2849.25
-2666.5
-2856.25
-2834.0
-2875.25
-2841.5
-2905.0
-2734.25
-2876.25
-2847.5
-2859.25
-2880.75
-2848.0
-2745.0
-2870.0
-2652.25
-2888.0
-2689.0
-2844.75
-2855.0
-2697.25
-2866.25
-2865.0
-2835.5
-2699.5
-2663.0
-2920.25
-2897.75
-2887.75
-2831.25
-2846.0
-2844.75
-2894.0
-2863.5
-2828.75
-2875.5
-2870.5
-2825.25
-2909.75
-2836.5
-2905.25
-2861.0
-2885.0
-2844.75
-2871.25
-2627.0
-2891.75
-2673.0
-2608.75
-2866.25
-2684.5
-2865.0
-2889.75
-2911.25
-2821.0
-2891.5
-2893.25
-2871.5
-2722.5
-2894.0
-2882.0
-2864.75
-2885.75
-2855.0
-2878.5
-2878.75
-2853.25
-2867.0
-2859.75
-2904.75
-2863.5
-2920.5
-2881.5
-2826.75
-2834.0
-2898.5
-2691.5
-2848.5
-2922.25
-2755.5
-2656.0
-2876.5
-2858.75
-2686.0
-2931.5
-2890.0
-2679.5
-2907.25
-2705.5
-2781.25
-2877.5
-2858.0
-2831.5
-2903.0
-2684.75
-2880.0
-2871.75
-2904.25
-2881.5
-2822.0
-2842.25
-2650.25
-2663.5
-2878.5
-2889.75
-2854.75
-2894.25
-2909.5
-2943.0
-2869.25
-2856.75
-2675.25
-2931.25
-2502.5
-2872.5
-2674.5
-2894.5
-2725.5
-2592.75
-2877.5
-2933.75
-2900.75
-2908.25
-2845.75
-2841.5
-3003.5
-2917.25
-2906.0
-2888.25
-2890.5
-2697.25
-2786.0
-2914.5
-2907.0
-2738.5
-2861.5
-2925.0
-2832.75
-2826.75
-2880.5
-2892.75
-2886.75
-2910.5
-2723.25
-2698.75
-2867.0
-2839.5
-2770.25
-2886.5
-2864.0
-2860.75
-2820.0
-2855.0
-2678.75
-2843.75
-2875.5
-2581.25
-2885.75
-2898.5
-2828.75
-2840.75
-2889.25
-2842.0
-2919.0
-2715.5
-2547.75
-2855.0
-2754.0
-2882.5
-2788.25
-2701.75
-2641.0
-2887.0
-2699.75
-2895.5
-2896.0
-2913.0
-2909.5
-2880.25
-2708.5
-2650.5
-2857.0
-2730.5
-2728.75
-2901.25
-2831.75
-2735.5
-2927.25
-2872.5
-2859.25
-2752.5
-2856.5
-2758.25
-2725.75
-2851.0
-2851.25
-2927.75
-2684.25
-2682.0
-2894.0
-2750.75
-2623.75
-2900.0
-2932.25
-2743.75
-2869.75
-2935.5
-2897.25
-2850.25
-2878.75
-2680.5
-2748.5
-2853.5
-2891.75
-2925.25
-2994.0
-2668.75
-2891.5
-2900.0
-2734.0
-2713.5
-2930.5
-2841.0
-2852.5
-2883.0
-2860.5
-2878.75
-2887.25
-2855.0
-2869.5
-2696.25
-2920.0
-2845.25
-2847.0
-2867.75
-2901.0
-2920.75
-2771.75
-2835.5
-2721.75
-2754.0
-2836.75
-2946.25
-2862.5
-2904.0
-2586.5
-2865.5
-2695.75
-2731.0
-2883.25
-2901.75
-2836.0
-2752.25
-2852.0
-2963.5
-2907.5
-2877.0
-2703.25
-2887.5
-2662.5
-2828.25
-2906.75
-2715.25
-2860.25
-2718.25
-2962.5
-2887.25
-2848.0
-2909.0
-2730.0
-2717.25
-2886.25
-2938.75
-2876.0
-2609.0
-2896.5
-2692.75
-2891.75
-2848.0
-2938.5
-2879.25
-2863.5
-2903.75
-2686.5
-2754.25
-2890.0
-2847.25
-2658.25
-2776.5
-2905.5
-2861.75
-2672.5
-2857.5
-2899.5
-2923.0
-2891.0
-2709.0
-2844.0
-2647.5
-2717.5
-2838.5
-2745.5
-2882.25
-2776.0
-2753.75
-2877.75
-2816.5
-2952.75
-2464.5
-2745.25
-2864.0
-2862.75
-2763.5
-2904.75
-2758.0
-2860.0
-2564.5
-2881.5
-2856.75
-2748.25
-2879.75
-2689.5
-2719.75
-2855.0
-2684.25
-2627.0
-2835.0
-2675.5
-2752.0
-2900.75
-2919.5
-2864.0
-2905.0
-2898.75
-2877.5
-2769.0
-2873.25
-2639.5
-2859.25
-2848.75
-2827.75
-2874.5
-2878.0
-2875.5
-2876.25
-2856.5
-2869.75
-2878.75
-2709.0
-2645.5
-2935.5
-2866.25
-2843.5
-2737.5
-2832.0
-2521.25
-2636.5
-2687.75
-2999.75
-2882.25
-2900.5
-2884.75
-2881.5
-2824.0
-2715.75
-2697.5
-2907.5
-2875.75
-2708.5
-2897.5
-2777.5
-2894.0
-2750.5
-2736.0
-2882.5
-2886.0
-2737.5
-2944.5
-2660.0
-2873.0
-2676.5
-2807.75
-2890.75
-2834.25
-2719.5
-2901.75
-2885.75
-2865.0
-2870.0
-2876.25
-2888.75
-2882.0
-2871.25
-2940.5
-2893.5
-2777.5
-2891.0
-2822.5
-2823.75
-2889.0
-2730.25
-2704.0
-2660.25
-2725.25
-2878.75
-2761.5
-2867.5
-2708.0
-2764.5
-2910.25
-2931.5
-2456.0
-2877.0
-2769.5
-2954.75
-2647.25
-2880.0
-2658.75
-2795.0
-2745.0
-2777.75
-2890.25
-2708.0
-2910.5
-2893.5
-2702.75
-2717.0
-2858.5
-2886.0
-2927.0
-2862.5
-2854.75
-2918.25
-2918.25
-2907.0
-2643.0
-2880.5
-2840.75
-2714.0
-2859.25
-2913.75
-2708.25
-2885.25
-2905.25
-2590.0
-2873.25
-2750.25
-2922.25
-2790.25
-2662.0
-2848.75
-2678.75
-2933.0
-2588.25
-2866.5
-2691.5
-2878.5
-2956.0
-2889.5
-2741.5
-2894.75
-2680.5
-2755.5
-2658.25
-2892.75
-2884.75
-2893.5
-2779.5
-2969.5
-2674.0
-2643.0
-3046.0
-2789.0
-2701.25
-2870.5
-2694.75
-2741.25
-2931.25
-2649.0
-2833.0
-2735.75
-2894.25
-2969.5
-2848.75
-2653.75
-2842.75
-2856.25
-2600.75
-2678.25
-2915.75
-2815.5
-2873.75
-2726.25
-2843.75
-2918.75
-2908.25
-2679.75
-2721.5
-2883.0
-2682.0
-2641.0
-2942.75
-2883.0
-2720.5
-2721.5
-2664.25
-2827.0
-2919.5
-2661.25
-2857.5
-2837.75
-2720.0
-2789.5
-2789.75
-2611.0
-2905.25
-2863.75
-2874.5
-2716.5
-2518.0
-2860.75
-2526.0
-2841.0
-2655.25
-2676.75
-2925.0
-2924.5
-2661.75
-2841.5
-2737.0
-2908.75
-2668.25
-2700.25
-2872.75
-2717.5
-2780.25
-2846.5
-2680.25
-2656.5
-2875.25
-2844.5
-2966.25
-2886.0
-2746.5
-2814.75
-2857.75
-2900.75
-2955.0
-2659.5
-2771.25
-2908.0
-2536.25
-2608.75
-2902.25
-2894.0
-2895.25
-2900.5
-2599.75
-2726.75
-2780.5
-2849.75
-2908.5
-2866.0
-2883.5
-2934.5
-2901.5
-2543.25
-2911.75
-2900.5
-2912.0
-2669.0
-2873.5
-2770.5
-2837.25
-2983.5
-2893.0
-2544.75
-2741.75
-2899.0
-2932.75
-2836.0
-2823.75
-2959.25
-2864.0
-2836.0
-2852.25
-2959.0
-2674.75
-2853.25
-2465.5
-2656.0
-2894.0
-2959.75
-2909.5
-2968.75
-2657.0
-2868.25
-2751.0
-2972.5
-2635.0
-2685.75
-2674.0
-2592.75
-2863.5
-2894.5
-2895.0
-2898.0
-2658.25
-2776.25
-3000.25
-2676.75
-2899.25
-2679.25
-2694.0
-2731.75
-2402.75
-2754.0
-2700.25
-2841.5
-2691.25
-2916.25
-2853.0
-2860.25
-2581.5
-2741.0
-2752.5
-2822.5
-2905.25
-2879.75
-2843.75
-2845.75
-2692.25
-2770.5
-2703.0
-2643.75
-2871.25
-2897.5
-2649.0
-2749.0
-2514.25
-2847
-2650.75
-2880.5
-2659.0
-2914.0
-2856.0
-2845.75
-2823.75
-2892.75
-2867.25
-2907.75
-2884.5
-2937.75
-2851.25
-2878.25
-2887.75
-2843.75
-2568.25
-2887.0
-2855.75
-2718.5
-2732.75
-2649.25
-2902.75
-2840.75
-2915.0
-2737.0
-2673.0
-2887.25
-2834.25
-2634.5
-2910.0
-2719.25
-2900.0
-2748.5
-2666.25
-2534.25
-2857.0
-2908.75
-2597.25
-2725.0
-2896.75
-2876.25
-2711.25
-2823.5
-2498.5
-2695.25
-2838.75
-2875.25
-2715.5
-2865.75
-2881.5
-2565.0
-2641.5
-2748.0
-2692.0
-2680.25
-2689.25
-2897.0
-2691.25
-2694.75
-2752.0
-2894.25
-2944.0
-2532.5
-2482.0
-2885.0
-2936.75
-2898.5
-2727.75
-2882.0
-2988.5
-2544.0
-3037.5
-2897.5
-2998.25
-2694.0
-2794.5
-2769.25
-2695.25
-2778.0
-2920.75
-2900.0
-2924.25
-2681.25
-2714.0
-2714.5
-2912.25
-2917.75
-2785.0
-2709.5
-2684.25
-2674.75
-2867.0
-2782.5
-2772.25
-2841.25
-2749.5
-2746.0
-2876.25
-2746.0
-2872.25
-2680.25
-2626.0
-2932.0
-2919.25
-2596.75
-2510.25
-2897.75
-2642.5
-2707.25
-2831.0
-2674.0
-2708.5
-2743.0
-2911.0
-2567.0
-2693.25
-2718.0
-2989.0
-2868.25
-2694.0
-2744.5
-2746.0
-2957.0
-2721.75
-2705.75
-2927.75
-2850.75
-2891.75
-2838.25
-2664.5
-2890.0
-2728.5
-2714.75
-2749.75
-2666.5
-2900.75
-2776.5
-2705.75
-2735.25
-2858.75
-2703.0
-2734.75
-2971.75
-2936.0
-2657.25
-2851.75
-2877.25
-2903.0
-2875.0
-2899.25
-2877.75
-2919.5
-2955.0
-2645.0
-2906.0
-2888.0
-2733.75
-2884.25
-2644.25
-2838.0
-2723.0
-2886.5
-2943.25
-2556.5
-2719.25
-2706.0
-2952.25
-2686.5
-2798.5
-2669.75
-2715.75
-2897.5
-2970.5
-2889.0
-2772.75
-2911.25
-2935.25
-2981.0
-2761.75
-2847.5
-2914.25
-2863.75
-2841.5
-2872.0
-2901.0
-2688.5
-2663.25
-2987.75
-2826.25
-2713.0
-2648.5
-2940.25
-2679.5
-2648.75
-2697.75
-2707.0
-2880.5
-2763.75
-2938.5
-2773.0
-2982.5
-2900.5
-2912.75
-2731.5
-2812.75
-2918.0
-2835.5
-2877.25
-2906.25
-2948.5
-2691.75
-2753.25
-2625.0
-2878.0
-2913.25
-2987.0
-2924.0
-2665.0
-2956.25
-2718.75
-2752.75
-2907.5
-2675.25
-2707.25
-2740.5
-2937.0
-2929.25
-2899.25
-2909.25
-2968.0
-2917.75
-2730.75
-2924.0
-2888.25
-2856.25
-2731.5
-2882.25
-2806.0
-2887.75
-2909.25
-2695.75
-2739.5
-2887.75
-2906.75
-2787.0
-2713.0
-2748.5
-2868.5
-2881.25
-2947.0
-2885.5
-2897.75
-2761.75
-2709.25
-2915.25
-2847.0
-2743.0
-2766.0
-2908.0
-2720.0
-2704.75
-2730.5
-2950.0
-2852.5
-2718.5
-2931.75
-2762.5
-2840.0
-2704.75
-2945.5
-2657.5
-2759.0
-2727.5
-2743.75
-2684.75
-2675.5
-2692.5
-2938.5
-2894.5
-2934.25
-2704.75
-2879.25
-2674.0
-2886.5
-2673.25
-2848.75
-2929.75
-2880.5
-2672.5
-2861.5
-2879.0
-2906.5
-2846.5
-2927.0
-2977.75
-2884.5
-2905.75
-2950.0
-2714.75
-2615.0
-2888.25
-2909.25
-2847.75
-2864.25
-2694.25
-2910.5
-2683.0
-2723.0
-2871.25
-2839.5
-2811.5
-2751.25
-2863.5
-2698.5
-2745.5
-2711.75
-2950.5
-2491.25
-2827.5
-2886.25
-2684.5
-2736.5
-2692.0
-2725.5
-2701.5
-2364.25
-2863.0
-2800.75
-2725.0
-2729.25
-2856.75
-2886.25
-2699.75
-2872.5
-2685.0
-2663.75
-2694.5
-2831.0
-2674.25
-2652.0
-2851.75
-2814.25
-2842.0
-2837.0
-2423.0
-2676.0
-2724.5
-2690.5
-2662.5
-2865.0
-2673.25
-2477.0
-2843.5
-2593.0
-2871.5
-2654.75
-2869.5
-2525.75
-2870.5
-2807.75
-2894.0
-2702.0
-2540.75
-2399.75
-2661.5
-2641.25
-2855.75
-2510.25
-2840.75
-2697.25
-2871.5
-2841.5
-2648.25
-2906.75
-2695.75
-2848.25
-2684.0
-2869.75
-2922.0
-2665.5
-2894.5
-2708.75
-2541.0
-2711.75
-2563.0
-2698.75
-2878.0
-2738.75
-2649.0
-2635.25
-2672.5
-2692.75
-2525.25
-2862.5
-2770.75
-2654.25
-2858.5
-2523.25
-2831.0
-2480.5
-2833.0
-2649.25
-2868.5
-2929.75
-2521.5
-2733.0
-2624.5
-2680.5
-2713.0
-2701.75
-2732.75
-2567.0
-2853.5
-2644.75
-2680.75
-2693.25
-2678.75
-2678.0
-2688.75
-2842.25
-2684.25
-2872.75
-2520.75
-2669.0
360.5
-2695.5
-2620.0
-2739.75
-2492.25
-2855.25
-2668.0
-2655.0
-2882.25
-2718.5
-2862.25
-2620.5
-2681.25
-2650.75
-2665.25
-2719.75
-2657.25
-2665.5
-2872.5
-2508.25
-2861.75
-2699.5
-2862.25
-2545.75
-2629.75
-2856.5
-2694.5
-2514.5
-2490.0
-2711.25
-2441.5
-2747.5
-2373.0
-2514.75
-2635.25
-2765.0
-2708.5
-2558.25
-2837.75
-2702.5
-2661.0
-2838.25
-2898.75
-2666.75
-2694.75
-2476.5
-2684.25
-2722.25
-2729.5
-2649.75
-2875.0
-2657.75
-2675.0
-2710.75
-2471.25
-2852.75
-2761.75
-2873.75
-2891.75
-2663.5
-2864.25
-2524.5
-2592.5
-2903.5
-2894.5
-2738.25
-2839.0
-2788.75
-2865.0
-2847.0
-2694.0
-2666.5
-2890.5
-2688.5
-2857.25
-2847.5
-2876.25
-2891.25
-2824.75
-2822.0
-2693.0
-2732.25
-2848.5
-2759.75
-2699.5
-2851.5
-2693.0
-2528.75
-2895.5
-2681.5
-2882.0
-2691.5
-2636.75
-2668.75
-2745.75
-2683.0
-2358.25
-2741.75
-2732.75
-2582.75
-2955.75
-2889.75
-2703.75
-2660.0
-2869.5
-2848.0
-2699.25
-2855.5
-2893.75
-2692.0
-2862.0
-2682.25
-2506.25
-2843.5
-2885.25
-2672.25
-2674.0
-2905.75
-2689.0
-2884.5
-2862.5
-2698.0
-2894.25
-2683.75
-2545.0
-2658.25
-2747.75
-2692.0
-2727.5
-2864.0
-2457.75
-2622.0
-2839.25
-2851.25
-2678.0
-2526.0
-2857.25
-2910.5
-2397.25
-2885.5
-2704.5
-2676.0
-2473.5
-2891.0
-2690.75
-2693.0
-2496.25
-2859.75
-2819.5
-2677.5
-2896.25
-2673.75
-2759.25
-2614.75
-2622.75
-2672.5
-2768.0
-2473.5
-2836.75
-2870.75
-2662.25
-2874.75
-2687.25
-2833.25
-2843.0
-2562.5
-2705.25
-2472.0
-2871.5
-2725.5
-2483.5
-2676.25
-2665.25
-2690.5
-2515.75
-2665.5
-2861.25
-2660.75
-2679.75
-2619.5
-2687.25
-2688.25
-2707.5
-2876.75
-2870.5
-2633.75
-2860.5
-2908.5
-2867.5
-2738.75
-2632.5
-2620.75
-2690.75
-2654.25
-2662.25
-2566.5
-2695.25
-2685.25
-2685.0
-2860.75
-2734.25
-2885.25
-2904.5
-2666.0
-2533.25
-2536.25
-2880.5
-2494.25
-2689.25
-2635.25
-2671.5
-2685.25
-2660.5
-2694.75
-2852.75
-2623.75
-2913.75
-2489.5
-2661.25
-2672.75
-2922.0
-2736.5
-2825.25
-2931.25
-2695.25
-2890.75
-2852.5
-2906.0
-2933.0
-2876.75
-2873.5
-2439.75
-2855.0
-2485.5
-2660.0
-2541.0
-2754.75
-2706.5
-2702.5
-2857.75
-2497.5
-2721.75
-2467.75
-2681.75
-2882.25
-2702.5
-2882.0
-2758.25
-2685.5
-2559.5
-2909.0
-2905.0
256.25
-2682.5
-2692.25
-2673.25
-2878.25
-2687.75
-2641.5
-2876.75
-2728.75
-2666.0
-2584.25
-2875.75
-2562.25
-2667.25
-2488.5
-2688.75
-2556.75
-2704.25
-2740.5
-2686.0
-2647.75
-2837.75
-2734.75
-2550.0
-2848.0
-2703.75
-2656.5
-2659.75
-2850.75
-2703.75
-2676.5
-2456.5
-2725.25
-2669.25
-2566.25
-2302.0
-2829.25
-2689.0
-2690.75
-2857.75
-2757.5
-2819.75
-2836.25
-2236.75
-2938.75
-2680.5
-2875.0
-2876.5
-2747.5
-2846.25
-2689.75
-2973.0
-2891.25
-2754.5
-2890.25
-2770.0
-2978.0
-2881.75
-2657.75
-2652.25
-2830.5
-2881.25
-2817.75
-2845.25
-2683.75
-2848.25
-2949.25
-2861.25
-2868.0
-2905.25
-2862.75
-2828.5
-2897.75
-2882.0
-2854.75
-2691.5
-2864.75
-2665.25
-2863.5
-2698.0
-2671.0
-2684.75
-2874.25
-2848.75
-2914.75
-2895.75
-2889.0
-2901.25
-2725.25
-2791.75
-2834.5
-2865.5
-2830.75
-2758.25
-2932.0
-2855.0
-2857.5
-2875.0
-2500.75
-2643.0
-2720.25
-2855.5
-2674.5
-2879.5
-2685.0
-2675.0
-2645.25
-2542.5
-2725.75
-2687.0
-2861.5
-2776.5
-2650.25
-2503.75
-2856.5
-2661.75
-2830.0
-2667.0
-2314.0
-2632.25
-2719.5
-2813.25
-2512.0
-2863.5
-2595.25
-2719.0
-2653.5
-2447.25
-2904.75
-2873.5
-2831.0
-2670.5
-2674.5
-2469.5
-2725.75
-2875.25
-2901.5
-2479.75
-2459.75
-2859.75
-2634.0
-2670.75
-2622.5
-2647.75
-2578.0
-2678.0
-2502.5
-2692.75
-2724.75
-2338.75
-2532.75
-2696.5
-2693.75
-2672.5
-2680.5
-2834.5
-2506.5
-2901.0
-2349.0
-2637.25
-2854.75
-2872.0
-2878.0
-2913.0
-2863.25
-2667.0
-2530.0
-2758.0
-2712.75
-2678.75
-2685.25
-2508.5
-2881.0
-2529.25
-2641.5
-2709.0
-2522.75
-2728.25
-2871.5
-2670.75
-2871.0
-2520.75
-2488.0
-2695.25
-2623.5
-2708.5
-2645.0
-2876.0
-2827.25
-2869.25
-2749.75
-2658.25
-2505.5
-2770.0
-2492.5
-2673.0
-2851.5
-2676.25
-2674.75
-2864.5
-2561.0
-2534.75
-2488.75
-2648.0
-2722.0
-2634.5
274.25
-2726.75
-2341.25
-2474.5
-2847.5
-2674.5
-2695.0
-2686.5
-2586.0
-2647.0
-2692.5
-2708.0
-2898.75
-2686.5
-2471.5
-2717.25
-2918.0
-2854.0
-2499.0
-2655.5
-2628.5
-2695.25
-2651.75
-2672.25
-2663.75
-2855.25
-2748.0
-2715.0
-2287.75
-2929.75
-2619.75
-2652.25
-2718.0
-2621.0
-2645.5
-2639.75
-2604.25
-2500.0
-2685.5
-2866.0
-2674.5
-2670.5
-2870.25
-2640.75
-2855.25
-2867.5
-2415.5
-2584.75
-2506.75
-2858.25
-2657.25
-2675.5
-2718.0
-2389.0
-2677.0
-2477.25
-2842.75
-2856.75
-2710.5
-2684.5
-2645.25
-2656.25
-2636.5
-2872.75
-2854.75
-2851.0
-2676.5
-2460.5
-2664.5
-2686.25
-2647.75
-2702.5
-2668.5
-2650.75
-2855.75
-2416.25
-2545.25
-2536.0
-2433.0
-2463.5
-2685.25
-2842.0
-2510.75
-2652.25
-2849.0
-2668.5
-2686.25
-2842.75
-2619.5
-2842.75
-2868.25
-2636.75
-2677.25
-2682.75
-2893.0
-2420.0
-2647.75
-2680.25
-2676.25
-2664.75
-2703.75
-2502.5
-2674.5
-2847.25
-2650.75
-2875.75
-2481.75
-2912.5
-2870.0
-2658.5
-2657.75
-2710.75
-2858.75
-2675.0
-2832.5
-2670.75
-2496.5
-2456.0
-2635.5
-2857.5
-2582.5
-2662.0
-2475.5
-2880.75
-2689.5
-2628.5
-2846.5
-2670.0
-2316.25
-2445.5
-2894.75
-2669.5
-2498.5
-2696.75
-2681.0
-2482.5
291.5
-2668.25
-2710.25
-2549.25
-2421.0
-2740.25
-2662.5
-2848.25
-2871.75
-2501.25
-2730.75
765.5
-2849.0
-2658.5
-2541.0
-2544.0
-2750.25
-2663.0
-2689.75
-2338.5
-2646.0
-2692.5
-2846.25
-2517.0
-2916.75
-2671.0
-2705.0
-2659.25
-2503.75
-2688.5
-2692.75
-2481.5
-2822.75
-2730.25
-2726.75
180.75
-2847.25
-2707.25
-2746.75
-2349.0
-2373.0
-2390.25
-2744.75
-2707.75
-2690.5
-2637.25
-2721.75
-2871.25
-2676.0
-2700.5
-2486.5
-2516.0
-2707.75
-2645.25
-2881.5
-2515.25
-2435.5
-2666.5
-2623.75
-2595.0
-2672.5
-2864.75
-2421.25
-2525.5
-2699.25
297.0
-2721.5
-2680.25
-2510.0
-2541.0
-2770.0
-2718.5
-2848.25
-2918.0
-2263.0
-2623.5
-2688.75
-2851.5
-2854.5
-2412.5
-2495.25
-2714.75
-2471.75
267.5
-2410.75
-2692.5
-2675.25
-2644.25
-2684.75
-2659.75
-2299.0
-2704.5
-2668.25
-2458.0
-2497.0
-2656.0
-2491.0
-2719.75
-2747.75
-2699.75
-2492.75
-2478.0
-2568.75
-2679.0
-2520.25
-2478.5
-2360.25
-2665.0
-2683.5
-2711.5
-2477.0
-2639.5
-2417.5
-2715.5
-2508.5
-2665.25
-2862.75
-2640.5
-2504.0
-2755.0
-2504.75
-2494.0
-2648.75
-2668.25
-2672.5
-2644.5
-2553.0
-2355.5
-2685.0
-2579.25
-2700.0
-2834.0
-2526.75
-2742.75
-2701.75
-2363.25
-2573.0
-2721.25
-2559.5
-2648.25
-2878.0
-2640.25
-2708.25
-2698.25
-2640.25
-2616.5
-2690.5
-2621.5
-2664.25
-2872.5
-2669.25
-2656.5
-2715.0
-2508.25
-2670.75
-2856.25
-2690.25
-2582.5
-2867.0
-2745.0
-2535.0
-2521.25
-2590.75
-2475.25
-2664.0
-2506.5
-2721.0
-2593.5
-2539.5
-2348.75
-2727.25
-2695.5
-2672.75
-2717.5
-2689.75
-2752.75
-2495.25
-2860.25
-2476.25
-2527.25
-2692.75
-2903.75
-2656.5
-2691.0
-2558.5
-2671.25
-2484.25
-2661.75
-2654.75
-2881.5
-2608.25
-2844.0
-2621.25
-2709.25
-2556.75
-2873.0
-2869.75
-2524.25
-2639.0
-2648.25
-2656.75
-2573.5
-2677.0
-2661.0
-2602.5
-2727.25
-2506.0
-2684.75
-2478.75
-2744.0
-2659.5
-2744.0
